
r = [1302	1175	1037	893	737	598	18	16	13	11	17	35	78	92	106	113	125	159	151	151	646	716	763	812	897	838	736	613	524	440	28	22	36	32	40	41	38	43	67	95	125	149	159	266	315	417	522	667	801	1183	1479	1835	2325	2687	3241	3710	4144	4514	4850	5122	5380	5536	5670	5716	5708	5733	5646	5652	5609	5488	5438	5512	5719	5821	6034	6259	6615	6915	7225	7553	7819	7978	8239	8469	8540	8713	8832	8899	9015	9076	9158	9260	9331	9423	9540	9620	9753	9950	10196	10456	10728	11136	11572	12159	12809	13618	14524	15360	16560	17739	18965	20342	21867	23447	24973	26766	28410	30368	32069	34036	35563	37584	39347	41276	42989	44932	46570	48196	49983	51449	53073	54336	55941	56985	58332	59242	60373	61129	62132	62683	63550	63769	64579	64825	65309	65302	65535	65131	65205	64710	64539	64106	63825	63345	63196	63018	62775	62647	62073	61807	61230	60872	59902	59401	58392	57847	56572	56024	55222	54437	53446	52647	51823	50722	49799	48625	47668	46450	45318	44123	42805	41583	40409	38954	37805	36399	35274	33922	32957	31495	30614	29235	28327	26928	25944	24621	23646	22265	21308	19977	18954	17646	16734	15541	14631	13547	12744	11736	11000	10136	9495	8650	7961	7135	6569	5838	5392	4853	4434	3989	3735	3395	3160	2951	2728	2460	2288	2081	1960	1783	1674	1607	1522	1409	1377	1276	1202	1089	1112	1090	1061	984	1015	1013	980	973	926	889	749	632	571	540	418	387	385	361	452	466	496	492	475	391	375	342	308	287	238	252	226	221	195	183	146	106	88	79	60	67	71	68	78	93	105	159	170	180	195	174	169	157	133	111	85	24	20	11	2	44	65	90	104	115	124	158	158	163	164	126	113	153	162	210	220	199	209	207	194	178	158	101	110	88	137	150	170	210	231	231	228	213	192	150	104	114	100	61	63	65	84	85	76];
g = [75	74	73	50	53	52	44	38	32	26	0	23	48	56	64	71	85	150	152	162	204	199	187	188	184	168	168	103	101	96	68	61	96	290	352	387	428	465	547	557	583	589	594	567	657	789	915	1218	1421	1916	2296	2782	3431	3880	4561	5191	5740	6190	6611	6790	7047	7089	7085	6867	6615	6422	5928	5545	5095	4652	4167	3687	3413	3063	2866	2580	2449	2301	2189	2034	1875	1789	1535	1398	1224	1079	1009	892	821	778	775	763	836	809	833	815	747	796	796	795	797	808	785	823	865	912	968	965	985	1085	1134	1220	1322	1448	1545	1685	1807	1900	2024	2090	2124	2215	2279	2366	2419	2495	2578	2680	2718	2776	2882	2905	2973	2953	3007	3028	3071	3131	3229	3237	3259	3273	3307	3365	3350	3483	3498	3449	3494	3529	3585	3557	3552	3478	3446	3232	3206	3159	3032	2954	2895	2834	2726	2688	2662	2667	2592	2589	2653	2650	2718	2746	2763	2742	2723	2653	2605	2570	2541	2539	2459	2542	2682	3042	3393	4051	4700	5765	6795	8376	9858	11997	13904	16496	18691	21709	24266	27596	30289	33746	36535	40174	42737	46057	48428	51406	53407	55896	57607	59773	61055	62317	63385	64186	64838	65181	65535	65452	65465	65096	65092	64656	64240	63845	63296	62552	61836	61028	60253	59095	58440	57345	56757	55776	55164	54324	53649	52664	52093	51015	50552	49529	48854	48042	47389	46620	46093	45037	44305	43431	42389	41217	40194	39360	38393	37416	36608	36000	35230	34663	33926	33332	32983	32200	31521	31055	30447	29936	29169	28593	27925	27302	26460	25860	25138	24432	23556	22890	22228	21579	20929	20391	19876	19481	19052	18513	18275	17701	17324	16775	16301	15812	15338	14878	14433	14017	13710	13531	13436	13322	13166	13050	12889	12688	12422	12031	11559	11030	10572	10209	9787	9646	9478	9159	8924	8724	8490	8127	7741	7365	7108	6611	6233	5827	5546	5337	5039	4763	4417	4177	3917	3623	3448	3436	3163	2812	2589	2376	2311	2117	2006];
b = [71	66	61	55	48	36	11	9	8	6	18	24	43	75	84	97	105	127	121	119	100	92	81	79	81	79	119	133	205	300	453	617	829	1071	1390	1875	2403	3018	3728	4447	5494	6378	7567	8908	10183	12052	13766	16656	19114	22439	25918	29445	34281	38230	42882	47487	51958	56052	59478	62718	64463	65302	65535	63816	62533	60020	55941	52717	49153	45183	41640	38089	35423	32056	29758	27286	25229	23087	21086	19524	17664	16520	14944	13929	12681	11638	10607	9643	8897	8144	7656	7006	6514	6211	5843	5540	5303	5122	5004	4858	4753	4687	4622	4530	4510	4534	4547	4575	4665	4759	4880	4997	5124	5222	5322	5426	5495	5628	5669	5720	5732	5774	5756	5721	5614	5536	5388	5152	5004	4831	4688	4538	4378	4248	4110	3963	3840	3713	3612	3452	3312	3122	3112	2994	2901	2792	2718	2555	2446	2317	2228	2137	1938	1819	1734	1595	1518	1439	1358	1276	1206	1160	1061	1016	958	939	849	780	755	721	677	658	650	632	623	583	574	565	576	562	549	527	511	512	486	466	453	438	377	363	349	353	371	372	375	391	398	416	409	423	442	454	429	415	415	421	428	432	465	474	488	471	486	476	452	415	407	419	399	412	437	461	465	475	464	448	413	360	335	303	281	289	285	278	299	300	304	283	282	290	280	252	275	280	277	281	274	287	263	208	195	403	413	487	566	666	675	627	545	485	401	144	144	119	114	108	109	111	112	111	102	92	72	67	55	53	39	42	41	44	55	59	75	106	107	106	108	107	99	85	66	58	36	7	8	9	10	10	18	30	38	38	43	62	74	80	82	81	73	78	72	74	72	57	49	43	40	37	38	28	35	34	167	195	228	272	310	306	290	258	246	213	80	74	65	37	36	34	51	50	42];

SPDs_fMRI_mirror_dark = [r; g; b;]';

